7.7e-06
0.0006806
0.02025
2.1811583
2.25e-05
0.0006161
0.0193402
2.0534874
2.27e-05
0.0006536
0.0228465
2.1517187
4.93e-05
0.0006202
0.0191472
2.0486
2.13e-05
0.0006223
0.0235492
2.0823369
2.17e-05
0.0006437
0.0213495
2.2037868
1.96e-05
0.0010503
0.0203622
2.1981943
2.11e-05
0.0005726
0.022335
1.9897248
0.0208341
1.68e-05
0.0004932
0.0195232
2.0006696
0.0201778
2.12e-05
0.0006176
0.019899
2.0937615
0.0002089
0.0
0.00098753
0.02229905
2.81581616
0.000304
0.0002505
2.51e-05
0.0013338
0.046163
5.5040912
